874
178 151
574 623
550 325
823 350
477 429
113 101
355 605
676 442
5 22
527 11
138 20
522 815
231 149
324 241
657 183
89 163
856 606
264 232
624 45
171 130
817 115
141 693
648 323
498 486
14 226
3 2
439 742
767 552
567 44
320 33
799 813
71 283
274 290
362 796
470 190
83 224
551 325
147 201
307 855
103 33
766 727
589 118
456 262
599 621
687 831
127 102
696 507
42 89
458 560
532 328
183 194
33 167
9 707
254 830
575 641
69 65
383 149
507 411
450 418
451 698
165 33
646 116
114 415
10 14
27 436
322 1
509 777
38 22
259 171
3 358
14 209
606 550
340 177
522 339
449 797
434 170
656 700
129 371
543 496
140 45
370 87
816 509
120 491
49 82
133 2
673 774
252 788
363 340
72 277
222 538
30 31
618 644
33 170
73 6
128 747
51 39
25 27
641 718
237 685
479 343
594 439
391 98
154 236
312 269
153 100
91 191
846 613
39 135
79 771
217 330
607 608
289 197
94 104
215 56
323 143
311 35
736 758
11 52
288 673
10 595
199 9
635 373
185 245
530 22
133 227
294 544
340 763
416 854
543 860
769 682
70 2
215 247
208 19
464 590
120 5
458 169
354 540
186 50
41 25
241 40
594 783
13 26
291 222
505 214
297 447
634 403
51 266
469 342
341 381
785 514
452 515
210 130
522 593
175 649
5 356
297 258
680 654
805 504
161 359
428 122
37 660
132 85
176 182
100 467
652 252
497 692
370 730
421 231
406 495
401 441
59 67
391 569
4 16
457 678
148 857
711 57
264 599
858 760
519 101
6 3
59 2
517 344
11 341
49 7
25 36
603 502
800 822
819 478
636 315
122 803
23 84
268 338
349 1
32 129
331 61
123 79
432 602
365 83
524 224
390 243
113 393
414 368
664 337
148 13
315 281
812 400
246 834
130 431
551 695
186 499
3 4
106 548
128 609
243 34
217 630
410 185
642 564
1 66
228 79
473 85
279 336
195 820
574 313
126 452
14 23
323 708
60 169
476 292
14 117
48 726
4 601
48 2
101 114
117 368
482 230
78 35
31 764
118 68
257 440
684 309
560 776
92 67
40 706
300 90
426 474
523 303
318 177
230 228
17 98
513 498
674 610
116 92
87 541
396 250
529 751
260 143
125 147
207 114
586 773
839 529
62 25
184 810
629 204
33 8
4 10
257 133
491 586
653 478
25 502
869 276
29 37
654 627
656 513
327 638
335 14
70 185
620 668
254 20
126 189
26 61
60 145
709 29
143 59
161 184
138 151
267 273
493 746
374 73
581 827
866 410
463 45
501 848
8 453
412 284
287 36
30 1
31 600
131 119
133 625
784 476
62 65
78 197
246 235
654 663
611 666
345 529
350 12
691 200
248 588
87 492
96 112
69 705
211 154
179 398
669 315
60 22
59 253
441 484
787 351
38 47
509 77
579 358
206 293
789 299
375 321
20 32
525 354
488 109
40 159
125 91
122 100
279 151
410 542
95 369
762 446
223 176
395 102
655 216
267 173
343 188
814 623
735 379
614 689
533 131
225 466
533 873
365 682
63 81
184 198
339 151
584 736
348 34
127 166
308 202
341 468
402 481
313 417
141 278
102 80
84 426
765 528
732 56
710 334
306 109
231 611
753 128
778 177
144 493
534 279
249 200
56 268
607 239
247 755
238 581
501 73
376 573
279 756
131 173
181 494
615 596
110 298
770 554
288 218
794 775
724 417
575 183
177 271
258 168
584 438
512 97
715 159
84 161
232 2
406 781
162 113
15 111
8 79
800 872
104 319
219 263
121 429
94 53
475 643
578 155
59 77
140 190
59 63
423 331
320 842
411 307
361 262
11 2
296 836
832 271
2 15
432 565
212 103
389 327
121 94
268 377
485 339
711 833
216 190
114 865
209 661
219 571
488 546
21 8
562 587
394 228
282 225
379 338
140 146
434 437
130 659
329 163
232 506
394 868
261 825
280 444
18 50
25 124
74 214
620 550
15 34
782 316
514 90
79 596
218 198
9 302
183 409
162 240
721 657
562 184
294 364
25 2
426 435
313 28
719 439
503 464
42 46
460 237
43 354
238 51
800 702
158 6
511 347
93 57
757 152
566 122
223 849
235 342
749 712
294 182
467 727
536 407
51 222
135 142
243 510
55 16
393 553
558 191
626 851
166 386
651 587
46 154
712 353
70 461
459 271
307 200
20 95
314 310
110 25
449 121
305 204
402 626
23 597
61 71
407 457
844 475
51 357
76 16
355 367
376 325
738 423
771 798
419 298
388 121
108 64
491 686
433 175
58 130
387 322
809 21
185 242
38 564
861 749
247 464
169 382
610 5
427 401
871 743
27 179
168 100
12 11
838 633
401 12
248 105
156 71
90 60
136 132
119 299
847 85
716 624
303 270
15 20
83 160
484 824
572 104
699 807
57 58
714 709
22 107
63 622
281 852
552 153
21 750
42 733
347 136
446 388
12 559
490 145
508 141
5 3
141 55
289 432
54 20
531 214
644 795
582 178
628 665
50 99
610 768
230 255
256 465
234 74
35 5
416 63
804 739
162 487
62 304
21 43
480 368
14 24
352 315
206 53
29 7
96 616
251 78
35 115
710 811
272 36
845 237
690 190
537 353
248 683
68 55
745 131
397 308
45 21
801 709
239 740
175 202
841 22
45 637
106 408
91 72
509 640
126 62
527 591
1 187
439 299
6 88
808 121
55 451
504 78
425 388
36 75
17 3
706 729
568 109
252 7
270 116
792 231
818 821
134 109
702 680
195 35
471 12
200 30
150 196
147 677
474 518
336 862
453 671
53 15
556 407
40 23
672 163
275 385
137 483
576 31
239 216
5 372
334 557
142 217
345 214
87 144
188 132
835 516
360 675
317 131
337 583
262 269
39 16
443 500
802 1
347 632
424 247
647 505
840 780
360 130
619 775
645 594
72 80
121 442
40 280
233 187
717 330
175 296
310 741
91 333
148 373
223 697
51 204
734 649
5 19
704 204
539 220
445 41
342 555
558 667
687 638
1 754
184 585
806 139
380 121
4 284
44 26
430 206
728 280
2 7
650 368
242 759
168 203
870 682
701 526
57 7
528 256
299 407
304 496
235 58
278 563
56 472
31 86
688 414
325 11
150 99
126 327
347 448
135 326
302 355
244 403
275 34
469 545
739 141
107 250
408 837
270 332
246 486
19 157
194 454
221 163
103 261
736 859
119 85
253 362
287 725
761 310
604 447
1 2
183 497
346 319
109 3
627 436
137 779
464 554
275 744
244 828
56 5
256 5
172 353
496 580
16 791
301 328
8 793
13 64
81 100
93 137
139 105
31 42
694 612
211 213
128 106
786 6
63 262
551 780
74 59
17 164
4 8
176 402
9 7
570 146
299 662
743 207
131 384
337 478
244 105
392 722
853 616
106 316
818 51
219 639
669 760
23 101
108 172
65 85
41 106
285 78
1 549
230 400
330 489
475 166
236 344
351 251
743 864
183 137
225 177
720 528
12 72
29 181
273 286
149 90
31 274
829 760
68 105
422 357
737 182
424 670
192 16
